+-------------------------------------------------------------------------------------------------------------------------------------------------------------------------------------------------------------------------------+
; Legal Partition Candidates                                                                                                                                                                                                    ;
+--------------------------+-------+----------------+--------------+----------------+--------+-----------------+---------------+-----------------+-------+----------------+--------------+------------------+-------------------+
; Hierarchy                ; Input ; Constant Input ; Unused Input ; Floating Input ; Output ; Constant Output ; Unused Output ; Floating Output ; Bidir ; Constant Bidir ; Unused Bidir ; Input only Bidir ; Output only Bidir ;
+--------------------------+-------+----------------+--------------+----------------+--------+-----------------+---------------+-----------------+-------+----------------+--------------+------------------+-------------------+
; ALU1                     ; 37    ; 19             ; 37           ; 19             ; 19     ; 19              ; 19            ; 19              ; 0     ; 0              ; 0            ; 0                ; 0                 ;
; RF1                      ; 26    ; 32             ; 26           ; 32             ; 32     ; 32              ; 32            ; 32              ; 0     ; 0              ; 0            ; 0                ; 0                 ;
; PERS1                    ; 22    ; 16             ; 22           ; 16             ; 16     ; 16              ; 16            ; 16              ; 0     ; 0              ; 0            ; 0                ; 0                 ;
; Mem1                     ; 35    ; 16             ; 35           ; 16             ; 16     ; 16              ; 16            ; 16              ; 0     ; 0              ; 0            ; 0                ; 0                 ;
; Cache1                   ; 26    ; 16             ; 26           ; 16             ; 16     ; 16              ; 16            ; 16              ; 0     ; 0              ; 0            ; 0                ; 0                 ;
; PC                       ; 18    ; 16             ; 18           ; 16             ; 16     ; 16              ; 16            ; 16              ; 0     ; 0              ; 0            ; 0                ; 0                 ;
; PC_add                   ; 33    ; 18             ; 32           ; 18             ; 17     ; 18              ; 18            ; 18              ; 0     ; 0              ; 0            ; 0                ; 0                 ;
; IR                       ; 18    ; 16             ; 18           ; 16             ; 16     ; 16              ; 16            ; 16              ; 0     ; 0              ; 0            ; 0                ; 0                 ;
; s_reg                    ; 3     ; 1              ; 3            ; 1              ; 1      ; 1               ; 1             ; 1               ; 0     ; 0              ; 0            ; 0                ; 0                 ;
; e_reg                    ; 3     ; 1              ; 3            ; 1              ; 1      ; 1               ; 1             ; 1               ; 0     ; 0              ; 0            ; 0                ; 0                 ;
; ControlUnit1|rf_w_MUX    ; 14    ; 6              ; 11           ; 6              ; 3      ; 6               ; 6             ; 6               ; 0     ; 0              ; 0            ; 0                ; 0                 ;
; ControlUnit1|rf_b_MUX    ; 7     ; 6              ; 4            ; 6              ; 3      ; 6               ; 6             ; 6               ; 0     ; 0              ; 0            ; 0                ; 0                 ;
; ControlUnit1|rf_a_MUX    ; 7     ; 6              ; 4            ; 6              ; 3      ; 6               ; 6             ; 6               ; 0     ; 0              ; 0            ; 0                ; 0                 ;
; ControlUnit1|pc_b_MUX    ; 66    ; 63             ; 19           ; 63             ; 16     ; 63              ; 63            ; 63              ; 0     ; 0              ; 0            ; 0                ; 0                 ;
; ControlUnit1|ALU_ops_MUX ; 11    ; 10             ; 6            ; 10             ; 5      ; 10              ; 10            ; 10              ; 0     ; 0              ; 0            ; 0                ; 0                 ;
; ControlUnit1             ; 53    ; 2              ; 19           ; 2              ; 82     ; 2               ; 2             ; 2               ; 0     ; 0              ; 0            ; 0                ; 0                 ;
+--------------------------+-------+----------------+--------------+----------------+--------+-----------------+---------------+-----------------+-------+----------------+--------------+------------------+-------------------+
